Tabula fastorum Iulianorum. 41

[A 555555] [3 31013. 5 5 3133. 5 55555055]
[3 5 5][5 4 310 6 55 455]
[0505553 055550 30
-3 41010 33. 05 45555 33. 0
5 3 03 505. (5) 3 303313. 33 NON.3
33303 3 303333 33
0303.33 7 33303.130 7 0
333063333330
ALEM.NHVEST.NF 7 55 555)
550545000540
0055555555555 5 00 30
34†330 33. NA 4†N’H 330
3333.33313.33303313.33

ωῄσῗσῐι-Ρ-ωωῠ-Β

ῦ-Βῦ-Β
Ι-*ΦΕΟ

3 33. 03 13 50 33. 03 19 3
3313. 55055055) 313. 330 13 0
3133010031730130
A 13 0315 0313 033033.33
3150314031503150
0 14 03 13 0330033.3333133.33
D13 0012 0313 03130
55005. 333 11 0330033.(33) A 0033. 33
311N31000110311333
3 303. 333 9 055555. (33) 0 3030. 33
50555050 3 05 9 33 30

03 3033. 333 0310. 33

00 7 03 7 0

03 6 003033.33

03 5 03 555)

33 4 0*A 45
30 333.0030*333
31 . 333. 00 330

’5:3aess

ι-ι
05

17
18
19
20

&aa

&ffissQff-ffiae

† Ome distinguit sere'e3 0 Caesare Aeyusteee ede‘eetas, querum dierum
quae ante feries additae note sumt, plerumque ignoretur.

() Πποίε retendis comprehensae notae dierum omissae sunt e'ee tabula
Meffee'oena et hie edswnpeee eee aliis.

 

